008327
003247
005819
004777
000482
009959
000782
009196
000325
002276
007247
000996
006983
004537
007153
003086
005668
000468
002901
000982
001445
003679
002158
004841
008814
009249
002718
003443
002233
008138
000545
004973
002864
004073
008033
004868
004832
006948
005079
002794
000818
002350
007071
007376
005217
001995
001386
001083
003228
003690
006953
008573
007100
001612
002413
007890
007836
009417
000565
005742
000233
006762
009781
007072
004856
008753
005812
005747
000005
004133
007381
005912
007351
001936
003433
006976
001455
002456
007147
005637
000492
001669
004859
001247
002183
008873
006455
009375
005928
008468
002772
008329
008557
003211
003421
003300
005114
005895
005108
000050
003957
003492
003231
005906
006971
007878
006427
003453
004655
009542
001486
006409
006462
003117
009497
008654
004110
000063
000091
007954
005397
002867
002226
004392
005183
004076
002765
008122
005585
005838
003122
007535
008232
002975
003057
002000
002709
007683
007346
000256
000876
001746
002615
003407
000750
008835
000860
003429
003470
008595
005219
006329
000120
008456
005606
000430
000717
004152
001537
003137
001060
000948
006722
009833
009946
006404
001855
005263
007538
002493
005818
000947
001524
003798
005518
008976
008588
004470
006196
006309
007624
002881
004158
000051
003784
005654
004512
003876
008608
006963
001582
000363
003780
001775
006543
006934
002722
006828
008316
008125
008084
008771
009287
003058
007533
007667
004325
005788
004551
004863
004722
001958
007132
003242
008962
002120
003154
005185
000520
006203
009737
008317
000880
002212
001617
000372
006844
001250
009748
002253
000537
009406
001938
005326
004674
007432
005601
002932
005352
002180
001071
000966
008733
006805
000113
003669
007089
009348
009433
006321
006069
005047
007222
000125
004897
006282
001523
008096
003530
000395
002987
003874
009018
007398
007781
007109
006470
004555
005212
006395
009039
001418
006619
002747
008880
005510
006702
008049
009537
007723
002545
004846
003441
001797
008226
005210
007958
000110
000613
009860
009113
000908
005547
008485
002257
006813
000581
000793
006260
000109
006529
007214
004850
002571
008452
000582
009603
005814
007526
006867
004528
006618
003786
008710
002328
005964
001554
009940
009519
004814
000648
004351
003516
004873
005028
000774
009702
006190
002329
007820
009239
006117
000524
007980
009637
007810
000404
008336
009472
008002
008213
000224
000740
003449
006004
007036
003528
001651
006146
000078
003847
000396
001310
000276
007899
009897
000016
003792
005328
000061
005696
004788
001907
006078
003625
002935
001346
008526
008582
000728
001001
003754
004105
006105
005652
009191
009887
000093
003926
009175
000685
001409
002963
004468
005061
006338
001470
006836
009800
000228
007314
009644
001981
009194
001341
005405
004304
007615
005045
005984
009641
009746
000879
001544
009549
001545
002179
006218
008345
001642
002241
007826
006120
004256
008261
000671
009279
000266
009477
007298
001053
003879
009865
001152
004077
000971
005246
001136
004903
001348
005424
001315
003487
003365
007854
007996
009315
000787
002946
005752
004484
002202
008295
007208
009331
001837
000320
008140
007943
005448
002542
009832
004898
001555
009868
006181
008453
005497
001733
001901
004558
008530
002476
009053
005307
008604
005029
008731
003011
005264
006768
004612
001259
004046
002263
002995
000187
001918
008103
005563
009839
002590
006708
006660
006012
003294
008171
009079
007685
007682
004224
009368
006325
004349
003189
001845
008062
002501
007305
006520
008757
005794
002022
001397
004273
008518
007935
007566
002732
000024
005315
003202
006773
003511
006696
005413
003420
001390
008475
008610
003105
007998
007086
005593
009699
005749
003404
002019
006382
008482
006233
006175
001630
002470
007612
004047
001028
005817
006827
004292
009066
005815
007344
006503
001755
007479
009437
009440
003349
009045
002056
009878
003271
004291
009546
006444
006140
006172
004499
002988
000760
003791
001160
004895
006821
002706
007576
002842
005566
001782
003185
004421
009905
002565
005961
009533
002098
002392
003435
003063
004495
000823
002287
004907
009558
009527
001825
006355
001841
001676
005644
004507
002256
002420
003299
006267
007185
005879
008553
004660
005641
008688
002943
006569
006304
006769
007128
003783
002020
000095
003178
007318
002454
005169
005481
008012
000832
001543
004622
008932
008769
005001
004750
001287
007953
000541
000262
003935
008166
009842
003392
001982
004263
005582
006417
004972
005285
007004
006362
008285
009006
009080
009454
006108
003002
008944
006988
004727
006761
005718
002992
002960
001853
000599
007974
003835
004647
007705
001614
001738
004365
006339
008315
006449
008434
007437
005784
006910
006421
006611
005979
006965
001008
002775
006418
002634
006243
001444
000121
002108
007760
002101
005655
009150
009571
009457
008416
007838
008633
003551
006908
000552
008024
008770
005199
004946
008260
003380
000332
007868
002125
007410
008150
001383
009288
003818
003390
005648
000851
006666
000804
008409
009259
003651
008536
007666
001393
006556
003760
002063
001509
007908
007416
005762
009939
009732
005077
006177
004149
001778
001514
002534
000592
002228
001268
006777
000977
005845
007709
003699
005414
000462
007511
003946
000591
007859
004259
006869
007048
004837
003218
007445
006899
000867
001234
009961
006886
004643
002653
005719
003508
006185
008296
007544
008970
006220
008819
005850
001240
008095
007211
007976
000772
005128
007165
006671
006945
008948
009251
009830
004347
009089
006445
003706
004510
002816
006709
009524
009456
008429
001106
002321
006041
004196
000460
006162
002937
000200
008521
009318
009359
006161
002965
003374
004648
009591
000528
006026
005331
008229
008982
003905
000515
001830
004928
000403
001221
003282
007046
007388
002369
003024
000949
001304
000731
002491
003575
001962
001350
004466
001945
001827
004705
001052
007869
002184
005418
009290
007572
002465
005239
002699
004386
002433
002193
002947
003207
008310
001211
003004
003496
005805
005526
007108
006835
006350
007847
006583
008930
009308
003134
001784
004008
006005
001472
000767
003671
002196
000117
004170
006129
005020
001463
000965
006301
003195
009872
006944
005363
003047
007256
001236
005839
006645
003133
000406
002627
007117
007776
002238
000843
002505
002593
002332
002069
000508
000428
000019
009136
008988
005613
008163
003142
006841
001881
000150
006842
004300
004885
007325
001843
002214
005416
004950
002762
009479
008004
001590
003416
009828
003311
002978
001579
009580
007559
000882
003360
009841
008858
002436
003338
005471
006958
007498
000720
001182
001010
009874
007114
005338
009443
003550
000026
005130
009668
001858
008437
009002
002445
003919
006258
006472
007551
007141
001229
000912
008216
007571
000854
003259
007123
005138
003703
000496
004345
004341
005568
007489
003336
001402
000597
003525
009114
001964
002145
003325
003417
005131
007274
007840
004051
006932
009343
003937
008319
007439
002669
009764
003439
001532
006739
009098
009494
003054
000871
003660
005723
002866
004100
004368
007073
006466
001780
007905
008064
005914
000954
005831
002247
005686
009128
005274
004601
005346
005702
009566
002695
002293
003452
005101
002643
001113
007642
002382
008186
004339
004675
008251
001172
002637
003270
009773
006148
009327
008359
000278
000822
005639
007189
005631
002529
008872
001206
002435
007092
009213
001299
007056
000104
007649
005841
004229
003609
009218
002778
003758
003102
000730
000122
008967
001932
008008
005645
006667
008939
009409
008312
009419
002759
009468
008091
003960
002800
005441
002730
004632
006797
006463
009587
006011
008086
009147
003466
003614
009869
000830
009676
005521
007926
005065
003229
000845
008958
008690
008384
005843
006425
002043
006806
003759
002766
003990
006318
004322
008159
004995
005600
002091
002636
002278
008749
004563
004069
006570
002090
001273
008300
004585
001807
005304
001618
008905
009418
004631
001640
002387
008691
000564
004605
003162
008620
005781
004518
007372
004438
008063
009679
007263
003848
007040
002845
000203
004150
002404
009877
000046
005320
003066
006238
009324
006542
009619
002523
009480
003110
001693
003604
002268
002749
001752
007799
003752
007451
009316
003077
005760
001686
006549
009325
000416
004692
002986
004423
000138
008105
008683
005743
005680
004228
003330
004539
008519
000859
005423
003593
009870
004455
006476
007058
008433
009863
003913
001861
006295
002308
009129
004391
003918
000354
007383
006772
003155
004013
003856
001650
006621
000972
008987
004093
009515
009881
003000
008559
005018
001413
003983
004361
007915
006136
008374
000438
004761
006241
005499
005704
000632
002471
003253
001324
007295
008784
006128
008180
000169
008638
002310
000637
005640
006940
008299
009215
001586
008083
009180
008202
000777
007814
005893
008141
004867
007042
007159
004321
007687
000622
003740
005325
003135
005177
008250
006474
007910
009073
008342
004960
002134
005268
007374
007712
002957
000702
003313
009813
001723
006682
006067
008810
005371
006104
000771
004404
008752
007670
008307
002261
000328
005305
002492
001290
004189
005868
008809
002153
001810
009681
007438
009710
000343
002172
006222
000936
004998
005918
004910
008513
000526
008100
006387
006341
000225
003403
001806
009034
002675
007749
008093
005434
006029
001325
009312
008301
005715
005486
007813
002315
006718
009761
008204
005214
005014
009464
009035
008244
001717
007408
008085
006419
008698
009614
007970
000999
005420
003359
007959
004060
009099
004452
009801
007460
004432
007914
009797
000042
000194
000579
002393
003655
003239
001485
008601
009429
002132
004999
007997
009531
000379
008072
009586
008203
005920
007133
000791
003116
008653
000192
001904
002281
004439
007798
003667
009609
004457
008776
002537
004318
004010
009735
009299
005421
006223
000802
000610
004600
007775
007748
004281
004356
002099
005429
003796
008615
008370
007530
003586
007138
002002
004163
004017
009507
006440
006296
002086
009636
005336
005451
000653
001632
005189
005231
008036
004255
007963
000583
003889
003788
003051
007482
001375
003869
008847
008051
001192
005729
002632
008742
007876
008760
001680
004746
005306
004487
008142
006290
002320
006564
005522
008318
005186
003425
001289
006100
006107
006825
008139
006367
009560
005554
002735
002649
003293
004405
004082
000768
008037
006088
008282
008676
002958
005662
002176
005790
005588
003621
009153
007740
001057
001980
000208
000559
003444
004014
002025
009072
009112
006450
007363
001187
007991
002641
003017
009655
000296
002036
006337
003774
004562
005803
007007
007154
009042
002520
009230
003083
001593
009388
003639
002561
006637
003539
006335
005319
003413
006748
006909
005799
008837
000815
007204
008284
006931
000902
008053
000307
006695
001333
008926
007480
009920
005531
007334
001494
008117
001799
000308
006990
007702
005388
008346
001576
004146
000862
001365
001499
004958
004091
008790
002662
009794
009255
006734
008075
002889
000141
000165
009758
009123
003064
009693
005951
000034
008293
008823
009671
007920
003408
002460
006433
008584
006661
000503
000993
000895
003121
000946
007743
003044
004623
003861
003518
002280
001580
002956
007064
004286
007558
002848
003468
008211
008410
001677
008995
000236
008365
009778
002967
006286
002817
007146
001526
001364
000439
001078
007122
003596
002677
009000
007302
006783
006595
003743
006736
000522
001330
002208
002178
002598
007772
004360
007359
000926
004673
004327
001323
007673
007180
006391
007296
009244
005779
007947
006349
009289
008313
004553
007605
007213
003781
008355
009862
007885
006134
004389
001963
001493
001896
006848
005859
000675
002942
000359
003337
008900
009411
005954
007841
008043
009238
008699
004284
005260
000407
005573
003362
006495
005107
006636
004186
004997
000865
003089
004768
005590
008913
007606
006480
004271
005574
009106
002415
009792
008542
004701
008067
006163
007433
009465
005203
007490
009295
006550
004231
006035
007095
006884
004649
000477
002477
002912
005761
003008
003186
000221
000935
004816
006647
008258
008692
006437
009831
001384
007694
007149
003236
001497
009058
009151
000219
005894
001327
006488
006547
000446
008878
003685
002931
008911
000464
003308
007481
006214
001510
004723
004169
005122
009224
004488
002875
006850
005439
003509
008326
006562
006794
004812
006375
008248
001927
008235
004911
006279
002717
008381
003422
008667
002277
004790
003181
000370
002658
003797
006707
007521
000763
002354
008811
002165
003678
004331
001233
002142
006219
001288
006151
008716
006789
005826
004436
007924
003303
001084
009597
004656
008438
001689
002034
007210
005071
002352
006250
005786
000285
006166
007396
008602
009484
000523
005687
006703
009051
005097
008385
004137
008890
005549
005903
006066
002603
000259
007168
002755
002423
002124
001976
007843
006174
009562
007720
007038
008160
005592
000625
001903
004524
002366
003031
008280
003107
000047
002037
000229
000242
008523
002199
006043
003262
003911
008076
007672
002533
005664
002879
003244
004530
003556
004498
003065
002372
003945
002605
007219
004737
001260
006188
006045
001148
000298
002011
004037
004025
002798
005244
003273
008943
004576
009706
006933
008175
000633
008953
007162
008670
003210
004584
004244
003254
003391
005384
003808
000317
002265
007261
009880
004840
008341
008562
003642
001730
001483
005318
002645
004931
002055
000235
002244
009805
006981
003045
003713
003240
003219
000904
001529
008955
005901
006189
002181
007525
003793
001754
006784
005104
004785
003603
004136
004987
008262
000885
004548
004481
009557
007513
000099
003506
003811
007900
000044
001898
005731
001818
005732
004789
000171
000463
006893
001972
004682
005450
003307
000156
007753
002745
004359
004627
002385
006291
000218
006548
005735
006512
005438
004714
002272
003085
001015
006424
003973
000480
008718
004526
002910
001800
004303
009410
002187
005905
004329
001406
009351
000214
005507
001012
001104
000312
002452
008535
006808
005713
008550
009155
000311
005224
004396
003176
006597
001274
002364
005629
002462
003205
000733
003170
006150
005290
001043
006398
007033
002401
003103
000373
005351
008503
007704
000173
005094
001430
009049
002697
003339
008581
004896
001248
001877
000163
005067
001378
001597
003396
006865
002042
006482
004936
006706
003436
002648
004912
008644
008933
000021
002330
003082
007322
006678
004948
003061
000147
002348
007921
000513
006306
007680
004106
000164
000275
002307
005674
005417
000588
001678
000489
002267
001200
008042
004085
005825
008730
000400
006229
006281
009063
003199
007280
002112
001074
002916
001121
006719
007166
004634
002095
000753
009882
006766
008885
000684
002539
009858
008748
002082
007215
001944
000207
002004
007425
003343
007524
002169
007465
003648
005860
009413
006486
000672
007834
007101
009064
003644
007187
003632
003954
006759
000241
002197
000012
001127
004685
000131
009306
005121
007385
009947
002478
004962
002969
005947
004230
009168
002201
002068
001042
003872
008188
007074
008815
001151
005393
002135
001759
004706
001224
007724
000800
003806
009386
001536
007745
000831
004142
007413
003722
009296
004890
000962
009618
000563
001110
003367
009938
005508
007113
003491
007946
009717
000903
006095
009658
008467
007049
009615
003826
004552
002279
008387
000154
003424
000619
004963
009420
007289
008859
004338
009350
006028
002166
000516
001887
007052
009334
009490
000174
009200
005222
000450
001662
004571
007713
003039
005988
005202
002514
005864
008470
009613
008909
009309
000246
001999
004693
008886
003510
006091
006448
005254
003698
005701
004976
004535
008722
005930
003013
002333
007831
000501
007361
006658
004770
006697
001749
007011
003529
009015
006950
000352
001294
006892
006023
003477
006323
009022
002744
000805
000827
009543
003748
005259
005278
008793
006876
003790
007276
007619
003970
000612
008032
005387
008225
008454
000461
005056
006605
008639
008725
004823
004293
007284
002194
006381
001636
002368
007258
007343
004618
002647
005780
002116
004035
009767
009405
000711
000535
005314
007234
008806
008461
004779
005599
009193
003451
001014
001864
003996
003599
006171
003709
000786
006071
001488
003419
007688
006434
001685
000544
002954
007250
005258
005007
008840
006753
000829
007999
000257
002136
007270
005889
004679
001292
000776
005705
000323
009161
003628
006252
003965
008783
003845
009347
001112
000964
007035
005697
004961
001878
001443
007323
003194
001326
002859
005700
009654
008413
005454
001293
001603
001237
008174
009455
007435
007194
000146
006133
002504
002058
005355
006158
001960
007193
009209
003638
009879
009678
002260
006657
003410
008190
009809
001930
006916
000039
002939
003597
008665
008764
000180
001119
008755
003657
001765
009923
005220
005693
003093
002215
005489
004683
008635
008524
000374
000709
007932
007417
001607
004662
002481
002480
009902
000469
001343
004212
003461
002410
008534
002443
003377
009709
008773
006922
003344
004542
005624
009670
002618
006810
008069
007873
008888
002595
000816
007191
004848
003674
004204
005811
008647
002442
003907
004346
004120
007746
007565
000041
009246
000726
005445
003100
005373
007731
005033
006314
004566
001174
001239
004315
002934
007182
001954
009886
004247
002001
005992
004390
008019
002827
005586
001212
002723
000628
008498
001420
006822
001475
001761
002403
007167
005248
003645
005875
008813
006814
007506
001231
009272
003351
002868
009898
007853
002359
007656
007152
000334
006833
007461
001860
000707
009789
002600
000123
007475
007691
004190
001490
009855
002213
002682
006465
009024
003863
009904
002594
009790
002693
007070
005536
001185
005878
009382
008966
002919
006628
006285
008376
002067
006277
002291
001970
004409
009729
004611
004902
009623
005981
003007
005175
009649
000667
003412
009913
005395
002680
008449
002684
003284
004691
009528
008168
005161
002152
002496
004574
009819
005176
003694
006587
000712
002049
007856
009330
006648
004985
002855
007812
000799
005861
007394
004992
009926
008199
007458
004033
001707
008311
006632
002599
004433
009187
008989
005410
007130
003979
004689
009523
003118
006272
000170
004200
009911
006042
005917
003953
005253
002458
007448
001902
000919
007791
006030
003859
007205
007285
002417
009756
001691
004397
006585
003204
005963
000590
006962
009551
004380
009700
006849
005975
003554
004450
006179
006802
008801
003233
008822
000251
006987
005885
000752
000810
006509
005884
007212
006523
001041
004801
006551
000987
007021
008961
001093
007546
000491
000232
008397
001768
007678
007536
005559
000661
001441
007845
006216
005369
007555
000417
003838
005063
005057
007080
005998
004644
009373
008628
003567
001915
002924
005348
006319
008197
007329
000158
003023
005853
009499
001948
007389
002190
005136
009719
002847
000980
004223
001608
008931
003564
002657
001107
001451
003594
009365
004209
007474
005824
001362
008302
006025
003138
004275
009541
002579
006259
002858
006305
003708
001940
007068
002670
009958
000288
009227
001464
008624
005636
001143
003779
004926
009060
000433
003834
004089
007732
009178
007093
000210
000950
008430
004754
004579
009754
002030
004747
004565
001168
002479
005027
001541
008169
001854
006084
003376
005242
003373
003640
009027
003830
002760
009734
009785
009242
000714
002683
001426
004986
003027
006123
009133
008023
006499
003663
005867
006275
008607
007727
001439
009398
000923
005874
004866
001512
006475
005877
000834
003188
004367
008082
004143
000997
007622
000906
000306
002343
005281
009776
008759
007579
005058
003932
004782
006781
009567
000270
005160
005102
003986
004839
008923
007889
001559
002376
001952
008338
005856
006524
008442
004459
006070
007742
003684
004527
007754
003809
008391
007940
003522
005134
006131
000494
008424
002933
006261
008739
007592
007467
004799
009202
006610
007121
005519
007244
005084
006735
005293
001027
001809
002584
007031
001254
006096
005736
001622
004019
001442
009192
000540
009703
000808
000991
007018
008645
004490
008971
002803
005081
008942
002302
005542
006588
001270
005086
002170
005270
009518
005840
009303
001894
009374
006202
007964
006681
008061
008978
001395
001405
007523
008483
000889
004742
001337
005756
000943
001017
002045
001144
003988
001934
003681
008269
000367
006949
002070
003773
001468
001872
003717
001142
007369
001201
008403
009144
001421
006840
001045
001627
006055
006939
002891
000048
001284
008940
003721
006911
004108
003885
005614
001077
002444
005714
002218
004570
001450
007336
007570
006000
007779
007077
006269
003565
003587
004135
005303
004502
003949
008275
006860
006159
004283
000129
006912
002490
002513
008268
004876
006111
003654
005380
004141
004333
004370
005465
001154
008029
001230
002896
007308
004636
005909
007466
009867
000382
008891
003711
007540
009579
009711
002419
007090
009059
009252
003258
004241
001832
007751
000294
009394
000518
004676
009724
009687
007773
002990
009269
002483
008558
007654
005470
002757
001069
007657
001404
004872
006363
001082
002174
005383
009894
009148
006924
003971
003891
008862
006643
005064
003871
005828
006201
003145
000142
002182
009181
005550
008980
007230
005660
001515
008115
001793
009291
005773
003106
006224
004424
005262
008351
006575
000081
006429
009078
002621
006212
004951
004372
000929
000530
006803
003732
006900
005514
005813
001066
006270
003213
000387
001140
001061
003183
002776
003585
002088
006262
002984
003165
000690
009221
004326
007477
001588
003285
000030
007668
002284
007266
003994
000355
005358
004009
003261
002635
008655
008253
007923
005897
007600
000066
000989
000486
005757
000184
006727
000302
004708
004185
003696
005910
008297
009504
008687
005208
005653
003184
009685
009358
000101
003108
004058
002021
003606
008772
009105
009091
009422
000060
005509
008796
004831
005370
003939
001862
008218
008177
004991
003991
003763
002114
002554
004760
006677
006058
002374
000746
009508
000847
004968
003450
005026
007022
000663
003915
004121
000657
003948
005368
002461
001985
006918
003921
001628
005042
005620
009432
009713
002234
000550
004307
003169
007292
008444
001286
000676
003088
009763
003127
004869
004776
007777
001875
005349
001263
000391
002425
000381
006689
005311
003814
002270
008466
004052
003618
002915
006170
009245
007223
009577
004298
001683
004786
000770
006896
005852
005173
004494
003021
005980
000898
001977
009942
005669
002361
008713
007765
008390
009500
005124
001847
002547
008965
009336
009186
002994
006560
006483
005821
004974
000033
000470
009629
006866
000133
005765
000849
006135
002512
008462
000748
003500
006617
001713
003499
007224
002870
004253
009048
005682
006234
003936
003150
004310
002567
000626
001931
000967
001978
000408
009816
002625
009691
001149
000065
002311
008364
003984
005111
009458
001834
002248
000340
002094
000077
002525
007493
008738
009585
003580
006447
003890
005710
004735
000934
006538
000336
009726
008585
005391
002801
001400
007003
008879
001311
001610
001298
002335
002586
009179
002377
008222
006670
000863
005806
006353
006392
004549
002126
009408
002854
005378
007662
004387
002192
006714
000887
001265
007446
000344
007758
002023
007675
008927
004532
006254
009917
007902
004828
005496
007431
008917
006125
000424
008445
003608
007692
005374
001191
001654
003028
005398
007633
001577
007390
000915
009393
005337
004164
009086
005475
000713
009620
009823
007243
007563
007594
005116
007865
002039
005360
007260
008098
005223
003627
004956
005003
005016
003636
000958
003956
008997
004707
006917
000695
008208
005461
005618
004815
007897
002782
008423
001727
004588
002502
001011
005455
005615
007519
007762
006800
001309
006687
007009
008876
006747
001125
005517
009774
004748
004718
004773
006396
000918
003120
008618
003865
006400
002273
005146
004272
007045
006699
005769
003961
000878
008756
009721
001714
005469
008272
007795
007025
006553
007933
006156
003827
005989
008388
004630
005971
007084
002083
001548
000656
001225
008805
002266
008349
006018
005782
007877
003335
009822
007150
009448
009469
005379
007715
001595
007144
001385
003072
008425
003056
008572
004500
000411
003688
001777
004471
001360
005257
004595
009197
008017
003941
004587
007803
001453
004220
001097
002219
004129
009307
005899
000605
007370
004028
006972
006847
002140
009810
009036
007547
000448
007216
008836
003074
002191
002989
007054
002914
006098
009634
004607
007663
002306
001204
003214
007078
006299
001002
003611
005911
005755
000660
004929
001457
003177
009174
001708
001571
007517
001989
001653
006020
002796
008596
002221
009173
007815
001501
008636
001215
003290
000435
006887
007457
009565
000177
007821
002938
007528
006874
006473
003280
001504
007491
008372
009684
003605
005608
004384
001772
007414
004519
002785
002300
001184
003250
007029
005408
006603
005269
009692
006001
006859
002224
000249
005215
007585
002342
005344
009392
009733
009212
008001
009377
003379
001241
007931
001933
004369
001009
002171
005430
004825
005948
000694
006369
008706
006442
005487
006130
008191
002318
009349
000514
002549
003969
001741
009337
003714
009605
009588
009434
007664
001176
006740
006654
004686
007294
000756
008586
000107
005908
009268
001207
009162
001821
009950
003005
007735
008867
008960
000419
008112
007002
003009
001517
007125
006103
007833
007677
003620
008576
008568
004195
008398
007971
006755
005436
002880
008415
008254
007655
001724
002024
004792
009488
001073
003458
000608
008884
004834
003279
007864
006089
005273
008335
006664
002899
004354
009389
002815
009271
005283
003255
009707
000796
000380
003149
008920
008564
002646
001557
009362
002555
000738
001004
002096
003355
007911
001164
002763
008663
006176
004517
008048
006819
002715
005738
007884
007484
008702
005829
004239
000645
007163
009852
004131
001842
004113
006584
000349
003465
000017
005584
003369
004003
005791
004205
001186
000134
002347
002611
004296
001771
002061
001166
003537
009166
000431
004935
002259
005783
004087
001682
009955
003316
001109
007427
009738
000338
005960
003269
003112
001690
009032
008621
001725
008695
009068
001758
007271
008968
003015
009445
006519
005577
005078
002690
008799
000549
000682
001175
003524
004148
000032
008728
008843
002524
003140
009949
002804
007105
002500
001870
008841
003997
006673
004012
003401
000620
004966
000250
003664
003860
004702
008973
002468
007611
001739
007006
006738
003175
005576
007575
003415
006599
007008
001892
006864
008026
008472
002324
001062
005150
004493
001460
007079
008936
005072
004794
002633
006183
006725
001711
008587
009323
003519
006704
007365
002255
007279
009666
006532
004437
008068
008306
009100
005024
008549
002156
007916
009439
006698
008951
006578
009371
006959
000321
000498
006428
009516
000222
001565
004265
004793
008322
005609
009195
003098
004879
005467
009502
001643
005535
000647
005288
001747
003092
003923
000699
003296
004242
001729
001528
004882
000089
009270
007824
001836
000780
000331
009421
008502
002786
001427
004258
006352
004434
006300
004015
003354
004364
008865
002559
004111
004016
006858
001072
008747
002727
005036
002427
000654
000920
006046
004797
002540
001091
009354
000820
000794
005298
003998
007901
001594
002054
002689
005605
000132
007618
009446
007939
002668
006530
009621
006994
000072
005991
001056
001638
001734
001598
003243
000499
004671
000337
001272
000162
001521
000917
005873
002378
006251
003855
006668
008741
005530
006062
005728
000911
007718
002569
004994
003469
000900
008495
000244
005055
006679
000347
001408
008106
003857
006348
006855
004446
009647
000420
002820
000577
002519
005996
001129
006215
002953
007790
004852
000764
007497
006139
004140
009459
004732
008701
009184
006430
002151
006079
002714
001466
004201
005657
009117
005156
001647
004719
005524
002391
008512
009550
003382
002886
005552
008360
004237
008478
006330
007621
000755
003398
008929
005229
003899
009796
009460
007283
003260
003146
007227
002006
007650
006497
008320
004075
004830
002741
003727
008871
004520
006187
009286
007637
005983
008005
005343
006073
007537
004102
009342
009944
009848
005090
003866
001194
000052
002767
002807
007470
001130
000198
002966
009250
004905
006914
003656
005367
005406
002251
007768
005970
003363
006284
001553
008517
001226
005144
007197
003691
008849
005453
003695
006799
000269
002355
009807
006947
008450
005544
004193
002439
002835
008826
007793
007590
002613
005647
000509
005245